8
0 0 0
0.408248 0.707107 0
-0.408248 0.707107 0
2.93105e-09 1.41421 0
-0.816497 2.53837e-09 0
-0.408248 0.707107 0
-1.22474 0.707107 0
-0.816497 1.41421 0
0 1
0 2
0 4
1 0
1 3
1 5
2 0
2 3
2 6
3 1
3 2
3 7
4 0
4 5
4 6
5 1
5 4
5 7
6 2
6 4
6 7
7 3
7 5
7 6
--
8
0 0 0
0 0.707107 -0.57735
0 0.707107 0.57735
0 1.41421 2.07257e-09
0 2.53837e-09 -0.57735
0 0.707107 -1.1547
0 0.707107 -2.07257e-09
0 1.41421 -0.57735
0 1
0 2
0 4
1 0
1 3
1 5
2 0
2 3
2 6
3 1
3 2
3 7
4 0
4 5
4 6
5 1
5 4
5 7
6 2
6 4
6 7
7 3
7 5
7 6
--
8
0 0 0
0.408248 0 -0.57735
-0.408248 0 0.57735
2.93105e-09 0 2.07257e-09
-0.816497 0 -0.57735
-0.408248 0 -1.1547
-1.22474 0 -2.07257e-09
-0.816497 0 -0.57735
0 1
0 2
0 4
1 0
1 3
1 5
2 0
2 3
2 6
3 1
3 2
3 7
4 0
4 5
4 6
5 1
5 4
5 7
6 2
6 4
6 7
7 3
7 5
7 6
